t = [8 16 24 32 40 48 56 64 72];
y1 = [0.823975549 0.825220738 0.683835182 0.621236133 0.582069278 
